1685264664735 1.0000770850696983 0
1685265044610 0.6349156935990015 1
1685265428252 0.5126911072737663 2
1685265817594 0.4596621810964739 3
1685266202665 0.4074774246440408 4
1685266584223 0.3869501224719692 5
1685266967492 0.361454586354834 6
1685267348362 0.34917955641027254 7
1685267727526 0.33241070529695205 8
1685268112888 0.32002487539251084 9
1685268493258 0.31592679684960584 10
1685269013222 0.3052586250806837 11
1685269644063 0.3002723890172989 12
1685270281201 0.2935976336146293 13
1685270923874 0.2842875459229324 14
1685271566314 0.28302496633205904 15
1685272212504 0.27989474363123135 16
1685272858473 0.27140400888509514 17
