1685264664733 1.213935696281273 0
1685265044608 0.9446621845762836 1
1685265428250 0.8535785503539053 2
1685265817591 0.8060924053890455 3
1685266202663 0.7555828484328561 4
1685266584221 0.7391633332023455 5
1685266967490 0.7119023028454228 6
1685267348359 0.6983946321429354 7
1685267727524 0.6872185438263173 8
1685268112886 0.6715050098695317 9
1685268493256 0.6694725396383331 10
1685269013220 0.6614517386346628 11
1685269644060 0.6557402805828588 12
1685270281199 0.6428010284517718 13
1685270923872 0.6402956394482903 14
1685271566312 0.6365253147236208 15
1685272212502 0.636892248632123 16
1685272858472 0.6299735635479606 17
